lineReadingIR(Clone)
(-0.7, -2.4, -7.6)
(0.0, -0.7, 0.0, 0.7)
(0.3, 0.3, 0.3)
UltraSonicPrefab(Clone)
(-4.0, -1.0, -1.6)
(0.0, 0.7, 0.0, 0.7)
(1.5, 1.5, 1.5)
lineReadingIR(Clone)
(0.5, -2.4, -7.6)
(0.0, -0.7, 0.0, 0.7)
(0.3, 0.3, 0.3)
UltraSonicPrefab(Clone)
(-4.0, 2.0, -3.7)
(0.0, 0.7, 0.0, 0.7)
(1.5, 1.5, 1.5)
lineReadingIR(Clone)
(-0.7, -2.4, -4.8)
(0.0, -0.7, 0.0, 0.7)
(0.3, 0.3, 0.3)
lineReadingIR(Clone)
(0.5, -2.4, -4.8)
(0.0, -0.7, 0.0, 0.7)
(0.3, 0.3, 0.3)
lineReadingIR(Clone)
(-0.7, -2.4, -8.7)
(0.0, -0.7, 0.0, 0.7)
(0.3, 0.3, 0.3)
